-px 1 -py 1 -s 5
--- Time run --- 3013 (ms)
Open tour solution: 
21 6 17 12 19 
16 1 20 5 10 
7 22 11 18 13 
2 15 24 9 4 
23 8 3 14 25

-px 1 -py 1 -s 8
Find closed tour after 14 runs
--- Time run --- 27356 (ms)
39 44 15 20 35 24 13 22
16 1 38 43 14 21 36 25
45 40 19 34 37 60 23 12
2 17 64 59 42 33 26 51
63 46 41 18 61 50 11 32
6 3 62 55 58 29 52 27
47 56 5 8 49 54 31 10
4 7 48 57 30 9 28 53

-px 1 -py 1 -s 15
--- Time run --- 3041 (ms)
Open tour solution:
69 60 27 2 71 62 29 4 31 86 93 6 33 36 91 
26 1 70 61 28 3 102 85 94 5 32 87 92 7 34 
59 68 25 72 103 84 63 30 135 170 95 142 35 90 37         
24 73 66 83 64 101 134 169 96 147 136 175 88 143 8       
67 58 75 104 81 166 97 148 201 176 171 146 141 38 89     
74 23 82 65 100 133 206 209 168 149 202 137 174 9 144    
57 76 105 80 165 98 167 200 207 210 177 172 145 140 39   
22 79 56 99 132 205 208 213 198 203 150 211 138 173 10   
55 106 77 164 123 162 199 204 219 212 217 178 181 40 139 
78 21 112 131 114 195 220 197 214 189 224 151 216 11 180
107 54 115 122 163 124 161 194 225 218 215 190 179 182 41
20 111 126 113 130 121 196 221 158 193 188 223 152 191 12 
53 108 51 116 125 160 129 120 187 222 157 192 183 42 153
50 19 110 127 48 17 118 159 46 15 186 155 44 13 184
109 52 49 18 117 128 47 16 119 156 45 14 185 154 43

-px 1 -py 1 -s 25
--- Time run --- 3098 (ms)
Open tour solution:
51 46 67 64 53 44 55 474 59 42 57 470 465 40 379 382 393 38 377 362 385 36 367 360 365
66 1 52 45 68 477 60 43 56 481 468 41 380 537 464 39 378 383 392 37 376 361 364 35 368 
47 50 65 256 63 54 475 484 473 58 471 540 469 466 381 538 391 394 401 384 363 386 375 366 359
2 257 48 69 476 489 478 61 480 557 482 467 546 539 536 463 410 455 390 395 402 373 358 369 34
49 70 255 488 259 62 485 558 483 472 549 556 541 532 545 456 535 406 409 400 389 396 387 374 357
254 3 258 237 486 495 490 479 616 555 560 547 550 553 542 533 462 411 454 405 408 403 372 33 370
71 238 487 252 491 260 621 494 559 548 617 554 563 544 531 552 457 534 407 412 399 388 397 356 329
4 253 236 261 496 493 500 611 618 615 564 561 598 551 566 543 530 461 416 453 404 413 328 371 32
235 72 239 492 251 622 497 620 501 610 597 614 565 562 575 458 567 452 529 420 415 398 355 330 327
230 5 250 233 262 499 502 625 612 619 606 601 574 599 582 569 528 421 460 417 450 331 414 31 334
73 234 231 240 503 248 623 498 609 590 613 596 605 580 573 576 459 568 451 422 419 354 333 326 143
6 229 214 249 232 263 504 515 624 607 602 589 600 583 594 581 570 527 418 449 332 423 144 335 30
213 74 207 228 241 508 247 608 505 516 591 604 595 572 579 526 577 448 523 426 353 338 325 142 145
116 7 212 215 206 227 264 507 514 603 588 517 584 593 586 571 524 427 352 339 424 147 336 29 152
75 208 117 204 211 242 509 246 437 506 511 592 587 518 525 578 447 522 425 350 337 324 153 146 141
8 115 102 209 216 205 226 265 510 513 440 519 432 585 446 521 428 351 340 319 148 159 140 151 28
101 76 203 118 187 210 243 438 245 436 431 512 441 520 429 346 445 318 349 158 323 294 149 154 139 
112 9 114 103 202 217 188 225 266 439 442 433 430 345 444 317 348 341 320 293 310 157 160 27 150
77 100 111 186 119 108 201 244 435 224 269 344 443 314 347 342 297 312 309 322 295 280 291 138 155
10 113 104 97 110 185 218 189 200 267 434 223 270 343 316 313 308 321 296 311 292 305 156 161 26
99 78 95 120 107 122 109 180 219 192 199 268 315 222 301 274 285 298 307 304 281 290 279 168 137
82 11 98 105 96 125 184 123 190 179 220 193 198 271 286 299 302 273 284 289 306 169 282 25 162
79 90 81 94 121 106 87 126 181 194 191 178 221 300 197 272 275 288 303 170 283 278 165 136 167
12 83 92 89 14 85 124 183 16 177 128 195 18 175 130 287 20 173 132 277 22 171 134 163 24
91 80 13 84 93 88 15 86 127 182 17 176 129 196 19 174 131 276 21 172 133 164 23 166 135

-px 1 -py 1 -s 40
After 1000 runs, find open tour solution but can not find any closed tour.
--- Time run --- 3252 (ms)
Open tour solution:
101 80 97 2 99 122 107 4 109 1198 1165 6 1185 1160 949 8 947 956 923 10 917 944 271 12 269 698 265 14 267 260 263 16 277 240 233 18 235 22 231 20 
96 1 100 119 106 3 110 1201 1166 5 1186 1205 1164 7 1150 1159 950 9 946 955 924 11 916 853 272 13 268 697 264 15 276 259 262 17 278 239 232 19 236 23         
79 102 81 98 123 130 121 108 1199 1206 1197 1184 1187 1210 1161 948 1149 954 957 922 945 918 943 270 737 828 699 266 275 696 261 690 279 288 241 234 251 238 21 230 
82 95 118 105 120 111 1200 1167 1202 1183 1204 1211 1214 1163 1188 1151 1158 951 960 953 958 925 854 915 852 273 738 695 700 717 280 693 258 691 250 287 242 245 24 237 
103 78 113 94 129 124 131 1182 1207 1218 1215 1196 1209 1190 1213 1162 961 1148 963 940 921 942 919 802 829 736 827 274 741 694 701 716 689 282 289 256 249 252 229 244 
86 83 104 117 112 1181 1168 1219 1216 1203 1208 1263 1212 1195 1152 1189 1132 1157 952 959 926 855 914 851 826 803 742 739 722 727 718 281 692 257 688 283 286 243 246 25 
77 114 85 128 93 132 125 1180 1249 1266 1217 1252 1193 1254 1191 1154 1147 962 939 964 941 920 825 856 801 830 735 804 725 740 723 702 715 512 285 290 255 248 253 228
84 87 116 133 126 1169 1248 1277 1220 1251 1262 1255 1264 1153 1194 1133 1156 1131 1136 927 858 913 850 871 824 805 800 743 728 721 726 719 518 687 318 513 284 291 26 247
115 76 127 92 135 1222 1179 1250 1267 1288 1265 1260 1253 1192 1155 1146 1135 938 965 912 929 872 857 806 831 776 809 734 755 724 703 714 515 520 511 292 317 
254 227 224
88 91 134 1177 1170 1247 1278 1221 1276 1261 1256 1273 1144 1259 1134 1127 1130 1137 928 859 910 849 870 823 808 799 756 731 744 729 720 519 686 517 514 319 510 225 294 27
75 1172 89 136 1223 1178 1245 1268 1287 1274 1289 1258 1141 1128 1145 1138 937 966 911 930 873 860 807 832 777 810 775 754 733 704 713 516 543 508 521 332 293 316 223 226
90 137 1176 1171 1246 1279 1286 1275 1292 1257 1284 1143 1272 1139 1106 1129 1126 933 936 909 848 869 822 845 798 757 732 747 730 745 544 685 522 505 324 509 
320 331 28 295
1173 74 1229 1224 1175 1244 1269 1294 1285 1290 1271 1140 1115 1142 1125 934 967 908 931 874 861 846 833 778 811 774 753 758 705 712 523 542 507 526 333 368 325 296 315 222
138 1225 1174 1237 1228 1303 1280 1291 1270 1293 1116 1283 1124 1105 1114 1107 932 935 906 847 868 821 844 797 752 779 748 767 746 545 684 525 504 367 506 323 330 321 298 29
73 1232 1227 1230 1243 1236 1299 1302 1295 1282 1123 1112 1117 1108 1049 968 907 866 875 862 843 834 781 812 773 766 759 706 711 524 541 366 527 334 369 326 297 314 221 310
1226 139 1238 1235 1304 1301 1318 1281 1298 1119 1296 1109 1104 1113 1088 991 1048 905 842 867 820 863 796 765 780 751 768 749 546 683 532 503 374 327 364 329 322 309 30 299
1233 72 1231 1242 1317 1310 1305 1300 1319 1122 1111 1118 1089 1050 1047 904 969 876 865 794 835 782 813 772 769 760 707 710 533 540 463 528 365 370 335 308 313 300 311 220
140 1239 1234 1311 1306 1353 1320 1309 1120 1297 1090 1103 1110 1087 992 1051 990 841 902 819 864 795 764 783 708 771 750 547 682 531 502 375 352 373 328 363 
336 219 306 31
71 1312 1241 1354 1357 1316 1307 1352 1091 1102 1121 1086 1073 1076 1053 1046 903 970 877 836 793 814 789 770 761 680 709 534 539 464 529 462 371 362 351 338 
307 312 301 218
1240 141 1358 1315 1364 1351 1356 1321 1308 1085 1074 1083 1096 1055 1062 993 1052 989 840 901 818 837 792 763 784 537 548 681 530 501 460 361 376 353 372 355 344 337 32 305
1313 70 1487 1362 1355 1484 1365 1092 1101 1322 1095 1072 1075 1070 1077 1054 1045 900 971 878 839 790 815 788 679 762 535 538 475 490 465 478 461 360 377 350 339 304 217 302
142 1359 1314 1485 1494 1363 1350 1483 1324 1093 1084 1097 1082 1063 1056 1061 994 985 988 899 972 817 838 791 536 785 488 549 500 479 476 459 466 379 354 343 356 345 340 33
69 1486 1361 1488 1499 1482 1493 1366 1349 1100 1323 1094 1071 1078 1069 1044 987 1020 995 984 879 898 973 816 787 678 553 486 489 474 491 470 477 458 359 378 349 342 303 216
1360 143 1498 1495 1490 1507 1500 1481 1492 1325 1344 1081 1098 1057 1064 1019 1060 1025 986 1017 996 981 880 897 974 487 786 499 550 485 480 473 432 467 380 
457 346 357 34 341
1497 68 1489 1506 1501 1528 1491 1534 1367 1348 1099 1326 1343 1068 1079 1058 1043 1018 1021 1024 983 1014 997 980 881 554 677 552 481 492 471 484 469 456 431 358 381 348 215 208
144 1503 1496 1529 1508 1537 1524 1527 1480 1535 1368 1345 1080 1327 1338 1065 1026 1059 1042 1013 1016 1023 982 1011 896 975 884 557 498 551 482 455 472 433 
468 347 214 207 384 35
67 1510 1505 1502 1531 1526 1533 1536 1597 1398 1347 1400 1369 1342 1067 1328 1337 1038 1027 1022 1041 1012 1015 998 979 882 555 676 885 558 493 496 483 452 213 430 435 382 209 206
1504 145 1530 1509 1538 1523 1598 1525 1588 1479 1600 1397 1346 1401 1370 1339 1066 1329 1336 1039 1028 1007 1030 895 1010 889 976 883 556 497 666 561 454 495 434 451 212 385 36 383
1511 66 1517 1522 1553 1532 1587 1596 1599 1464 1399 1460 1467 1396 1341 1402 1371 1334 1037 1330 1035 1040 1009 978 999 894 675 888 669 886 559 494 619 562 453 446 429 436 205 210
146 1521 1512 1539 1518 1593 1552 1589 1478 1595 1476 1465 1404 1461 1410 1395 1340 1377 1372 1335 1008 1029 1006 1031 660 977 890 893 674 667 624 665 560 447 578 443 450 211 386 37
65 1516 1519 1554 1551 1586 1591 1594 1579 1576 1463 1468 1459 1466 1403 1376 1409 1388 1333 1036 1331 1034 659 1004 891 1000 673 668 887 670 645 618 579 620 
563 448 445 428 437 204
1520 147 1540 1513 1592 1565 1580 1577 1590 1477 1574 1475 1462 1405 1444 1411 1394 1375 1378 1373 656 1005 1032 1001 648 661 892 671 646 625 664 623 616 577 
444 575 442 449 38 387
1515 64 1555 1550 1563 1582 1585 1566 1575 1578 1471 1458 1469 1456 1393 1406 1387 1408 1389 1332 1033 658 655 630 1003 672 647 626 663 644 617 580 621 574 583 564 427 438 203 194
148 1541 1514 1583 1560 1571 1564 1581 1472 1573 1474 1455 1448 1443 1412 1445 1392 1379 1374 657 654 633 1002 649 640 629 662 643 612 593 622 615 582 565 576 441 572 193 388 39
63 1556 1543 1562 1549 1584 1567 1572 1547 1454 1449 1470 1457 1446 1441 1386 1407 1390 653 1380 637 650 639 596 631 642 611 594 627 614 581 420 569 584 573 426 439 202 195 192
1542 149 1434 1559 1570 1561 1548 1453 1568 1473 1438 1447 1442 1413 168 1391 1382 1385 636 651 634 599 632 641 608 595 628 613 592 413 568 585 566 409 440 571 424 389 40 197
153 62 1557 1544 1435 1452 1569 1546 1437 1450 1421 1418 167 1440 1383 1414 603 652 1381 402 605 638 607 404 597 610 591 406 417 586 419 408 421 570 425 390 201 196 191 182
150 1429 152 1433 1558 1545 1436 1451 1422 1425 160 1439 1420 1417 164 169 1384 401 604 635 600 403 598 609 590 405 416 587 414 407 412 567 410 391 188 423 190 183 198 41
61 154 1431 1428 59 156 1423 1426 57 158 1419 162 55 166 1415 400 53 602 171 398 51 606 173 396 49 588 175 394 47 418 177 392 45 422 179 186 43 200 181 184   
1430 151 60 155 1432 1427 58 157 1424 161 56 159 1416 163 54 165 170 399 52 601 172 397 50 589 174 395 48 415 176 393 46 411 178 187 44 189 180 185 42 199